0 0.440404 0.696982 0.043254 0.090178
0 0.581746 0.699364 0.047475 0.094941
0 0.370779 0.694615 0.045345 0.098107
0 0.392939 0.737337 0.085444 0.148757
0 0.703590 0.712012 0.056963 0.098107
0 0.303787 0.693033 0.052742 0.094941
0 0.248412 0.697781 0.047475 0.104438
0 0.209398 0.699364 0.049566 0.110740
0 0.184606 0.710444 0.063294 0.145562
0 0.224675 0.725473 0.065404 0.134497
0 0.294300 0.730222 0.088600 0.147130
0 0.509497 0.736538 0.080178 0.153491
0 0.622890 0.737337 0.083333 0.145562
0 0.714665 0.735754 0.079112 0.136065
0 0.748422 0.715192 0.041144 0.101272
0 0.786391 0.719926 0.066469 0.123402
0 0.768462 0.727840 0.068560 0.139231
