0 0.017215 0.117086 0.028524 0.221509
0 0.952136 0.132071 0.087382 0.238817
0 0.883701 0.126583 0.102126 0.231036
0 0.794744 0.120251 0.092638 0.218373
0 0.719990 0.111553 0.071594 0.197781
0 0.643661 0.107589 0.064213 0.186716
0 0.598927 0.102056 0.080020 0.175651
0 0.495226 0.091775 0.060020 0.158225
0 0.451526 0.090178 0.050531 0.151893
0 0.418376 0.084645 0.043169 0.147160
0 0.391004 0.080695 0.045276 0.142396
0 0.360472 0.079112 0.045276 0.136095
0 0.328888 0.082278 0.034744 0.129763
0 0.302037 0.075163 0.035807 0.125000
0 0.885807 0.409009 0.224252 0.716775
0 0.686299 0.327530 0.223189 0.575947
0 0.522067 0.278476 0.206339 0.484172
0 0.251211 0.069009 0.026043 0.112870
0 0.230610 0.069246 0.024803 0.113343
0 0.210531 0.068964 0.019252 0.111775
0 0.193228 0.063861 0.021220 0.101568
0 0.174951 0.059926 0.020571 0.094704
0 0.142943 0.058210 0.026437 0.092278
0 0.398888 0.239719 0.160020 0.422456
0 0.277303 0.202530 0.125276 0.354408
0 0.219400 0.182751 0.112657 0.327515
0 0.162539 0.168521 0.089488 0.292722
0 0.117274 0.149527 0.074744 0.267396
0 0.087274 0.140030 0.067382 0.251598
0 0.056742 0.132914 0.069469 0.227840
0 0.026211 0.117885 0.046319 0.216775
