0 0.157271 0.757068 0.112002 0.197744
0 0.030366 0.743602 0.059600 0.180376
0 0.394126 0.765752 0.106865 0.208857
0 0.580625 0.772083 0.118164 0.221519
0 0.708042 0.772083 0.120225 0.227835
0 0.357495 0.607286 0.013760 0.029609
0 0.316191 0.603632 0.013770 0.031805
0 0.380640 0.623564 0.023506 0.052632
0 0.286045 0.622278 0.020898 0.053008
0 0.299341 0.604549 0.018037 0.032165
0 0.454702 0.624128 0.026826 0.053759
0 0.625044 0.623090 0.024717 0.052135
0 0.680020 0.607308 0.011641 0.035008
0 0.666548 0.613970 0.014365 0.038436
0 0.659502 0.618338 0.020039 0.044135
0 0.652222 0.625759 0.021748 0.053654
0 0.925923 0.617489 0.021514 0.045113
0 0.902979 0.612135 0.012910 0.041323
