0 0.470709 0.904267 0.185120 0.188293
0 0.431959 0.513437 0.117091 0.178798
0 0.415012 0.421322 0.070553 0.096538
0 0.425517 0.384495 0.042091 0.062500
0 0.430168 0.367476 0.025385 0.049519
0 0.444087 0.356959 0.023510 0.042091
0 0.455541 0.350757 0.020409 0.035889
0 0.465433 0.347043 0.019183 0.033413
0 0.481226 0.341791 0.018558 0.032812
0 0.497632 0.341478 0.017957 0.030938
0 0.516502 0.339627 0.018582 0.027236
0 0.531971 0.336827 0.014856 0.019183
0 0.545589 0.335601 0.012380 0.017933
0 0.557969 0.334675 0.012380 0.018582
