0 0.953465 0.151888 0.064409 0.161416
0 0.849459 0.151106 0.069705 0.162979
0 0.750207 0.147153 0.073917 0.161386
0 0.649902 0.143982 0.069685 0.158230
0 0.563839 0.143201 0.060197 0.153481
0 0.475138 0.140811 0.068622 0.155074
0 0.388553 0.137640 0.072854 0.148732
0 0.312008 0.136062 0.059134 0.145575
0 0.238622 0.129735 0.068622 0.158230
0 0.156063 0.127832 0.064409 0.151888
0 0.072047 0.119130 0.074016 0.159794
0 0.051526 0.244838 0.102421 0.234336
0 0.182982 0.260664 0.114035 0.246991
0 0.320246 0.283614 0.109823 0.261209
0 0.443258 0.315265 0.119311 0.273894
0 0.574183 0.341372 0.121437 0.291298
0 0.746299 0.383304 0.144646 0.330855
0 0.956949 0.427684 0.084488 0.362330
0 0.647037 0.438673 0.148878 0.371976
0 0.383602 0.441062 0.147835 0.373569
0 0.116988 0.449749 0.146772 0.378319
0 0.162913 0.664808 0.233150 0.567906
0 0.519596 0.648673 0.231870 0.577404
0 0.886407 0.637271 0.223012 0.573599
