0 0.717338 0.754322 0.018369 0.043982
0 0.266974 0.889440 0.054892 0.125133
0 0.352603 0.936711 0.050314 0.126578
0 0.184646 0.935944 0.036601 0.128112
0 0.225560 0.887153 0.054381 0.125162
0 0.145776 0.926416 0.053360 0.147168
0 0.170413 0.916150 0.038625 0.137375
0 0.283998 0.850059 0.032004 0.100118
0 0.319548 0.852434 0.043261 0.096903
0 0.328694 0.824204 0.027996 0.084690
0 0.350442 0.832773 0.026149 0.075516
0 0.064548 0.942463 0.053497 0.115074
0 0.923114 0.926091 0.058841 0.144572
0 0.738900 0.935133 0.052652 0.128496
0 0.922436 0.804617 0.041454 0.090354
0 0.643978 0.935634 0.058094 0.127493
0 0.683360 0.882920 0.051552 0.126490
0 0.865265 0.792566 0.036778 0.074277
0 0.989637 0.832227 0.020727 0.105398
0 0.823143 0.783540 0.032770 0.064248
0 0.786365 0.769469 0.032770 0.058230
0 0.758615 0.764454 0.026739 0.052212
0 0.980943 0.763923 0.036778 0.075339
0 0.936149 0.751976 0.032770 0.069145
0 0.897348 0.746386 0.032809 0.076313
0 0.736886 0.758437 0.019391 0.048201
0 0.648291 0.849292 0.041454 0.103422
0 0.625580 0.820133 0.033870 0.090059
0 0.373389 0.816608 0.026149 0.064425
0 0.609067 0.800251 0.037348 0.080383
0 0.868183 0.744233 0.029528 0.061917
0 0.390609 0.796077 0.019568 0.068673
0 0.587338 0.779764 0.020609 0.054454
0 0.840236 0.745457 0.020982 0.042006
0 0.816621 0.743481 0.017485 0.035457
0 0.795845 0.740531 0.017073 0.032153
0 0.702475 0.751032 0.016621 0.036106
0 0.688477 0.745782 0.014872 0.033510
0 0.402279 0.785147 0.017642 0.057965
0 0.414872 0.775487 0.018389 0.053805
0 0.579401 0.771386 0.015187 0.051032
0 0.573389 0.764248 0.013694 0.044366
0 0.356022 0.810251 0.020923 0.060324
