0 0.903787 0.426460 0.192426 0.222229
0 0.579645 0.434625 0.176450 0.153590
0 0.729157 0.430542 0.205888 0.191183
0 0.108802 0.447091 0.034231 0.062702
0 0.092604 0.447801 0.029349 0.060020
0 0.071331 0.447909 0.025089 0.056292
0 0.055325 0.448679 0.020118 0.053452
0 0.043565 0.449428 0.024527 0.051282
0 0.027885 0.450513 0.015651 0.048323
0 0.015311 0.450611 0.016006 0.045759
0 0.005429 0.451006 0.010858 0.044576
0 0.393358 0.444438 0.107840 0.124181
0 0.475473 0.441164 0.129882 0.140513
0 0.327189 0.446065 0.083314 0.111105
0 0.271095 0.445671 0.082071 0.094852
0 0.224882 0.445217 0.058225 0.086647
0 0.190251 0.446607 0.055592 0.081381
0 0.159867 0.446617 0.056479 0.072525
0 0.135858 0.446134 0.047515 0.067140
