0 0.935207 0.661893 0.018225 0.037988
0 0.100059 0.628797 0.200118 0.164536
0 0.291583 0.634004 0.171627 0.146548
0 0.419186 0.638245 0.146243 0.121065
0 0.520592 0.642988 0.096568 0.105897
0 0.592219 0.650079 0.100828 0.097396
0 0.653905 0.652564 0.080355 0.081736
0 0.696657 0.653126 0.080355 0.076036
0 0.738269 0.653895 0.060976 0.069211
0 0.768787 0.656006 0.055917 0.061913
0 0.802101 0.657308 0.047278 0.060848
0 0.824112 0.657890 0.038757 0.057396
0 0.844009 0.656361 0.035355 0.055917
0 0.865947 0.657505 0.030237 0.049053
0 0.878536 0.658639 0.024586 0.045247
0 0.893018 0.659428 0.017101 0.041420
0 0.906346 0.660542 0.018669 0.040690
0 0.918950 0.661706 0.021095 0.037613
0 0.957441 0.662653 0.015947 0.034970
0 0.947737 0.661509 0.019379 0.036469
