0 0.201191 0.462986 0.205625 0.607067
0 0.415044 0.467280 0.119814 0.310000
0 0.363389 0.463359 0.142500 0.341368
0 0.890742 0.470312 0.083164 0.166672
0 0.943657 0.471299 0.080635 0.164696
0 0.135420 0.459453 0.252500 0.816474
0 0.131973 0.514666 0.259629 0.970669
0 0.979390 0.471299 0.041221 0.164696
0 0.305430 0.461391 0.157617 0.400198
0 0.246841 0.461398 0.181553 0.478632
0 0.836562 0.463450 0.088203 0.172553
0 0.784902 0.467371 0.085664 0.176474
0 0.725059 0.466391 0.094492 0.186277
0 0.674658 0.468351 0.091973 0.194119
0 0.623628 0.468351 0.093232 0.213723
0 0.569453 0.465410 0.105840 0.227447
0 0.517163 0.469339 0.112139 0.250988
0 0.463550 0.470220 0.121084 0.284514
