0 0.893101 0.472287 0.078096 0.154331
0 0.497505 0.510509 0.255771 0.247067
0 0.054849 0.744567 0.109697 0.510866
0 0.124146 0.525418 0.248291 0.943146
0 0.138042 0.446003 0.248213 0.823526
0 0.189702 0.457766 0.217979 0.615684
0 0.251436 0.463655 0.180176 0.494119
0 0.312549 0.457766 0.141113 0.415684
0 0.400742 0.460722 0.138594 0.315669
0 0.453037 0.408746 0.064258 0.164696
0 0.509727 0.437181 0.071816 0.198040
0 0.574619 0.462667 0.093242 0.237249
0 0.625400 0.470585 0.085313 0.200836
0 0.673262 0.470585 0.094863 0.191778
0 0.730503 0.472287 0.083916 0.183815
0 0.781177 0.470023 0.080283 0.172477
0 0.836597 0.471155 0.078818 0.161125
0 0.945962 0.472287 0.080283 0.154331
0 0.984243 0.472857 0.029971 0.150912
