0 0.770680 0.465666 0.376903 0.866006
0 0.159724 0.701775 0.036331 0.084142
0 0.016016 0.709467 0.012426 0.043195
0 0.051598 0.709334 0.018817 0.042751
0 0.031233 0.709009 0.014892 0.042101
0 0.066252 0.708669 0.018383 0.045385
0 0.083550 0.708003 0.020592 0.049320
0 0.100631 0.707692 0.022327 0.060473
0 0.116164 0.708018 0.026252 0.059822
0 0.135651 0.704068 0.030197 0.069024
0 0.186213 0.697840 0.040276 0.098580
0 0.212475 0.693240 0.054300 0.124822
0 0.280483 0.674009 0.071893 0.184645
0 0.358383 0.642959 0.136174 0.292485
