0 0.376223 0.805104 0.024556 0.068964
0 0.398264 0.803240 0.024063 0.065888
0 0.420355 0.803920 0.026824 0.067189
0 0.444329 0.802515 0.025779 0.063669
0 0.467120 0.801391 0.025365 0.069704
0 0.490454 0.801568 0.023037 0.070000
0 0.513363 0.800754 0.024083 0.065888
0 0.537002 0.798077 0.024931 0.065562
0 0.559172 0.799334 0.025365 0.066834
0 0.582929 0.798536 0.022189 0.067189
0 0.605306 0.798388 0.022604 0.066183
0 0.628945 0.797456 0.023886 0.067456
0 0.651538 0.797604 0.021775 0.062071
0 0.673284 0.796805 0.023452 0.063018
0 0.353876 0.805769 0.026252 0.067633
0 0.716558 0.799038 0.023018 0.062396
0 0.738836 0.800459 0.024103 0.061450
0 0.760256 0.800769 0.022604 0.062071
0 0.780424 0.800459 0.024083 0.066538
0 0.803540 0.803743 0.025582 0.062337
0 0.696075 0.797293 0.025562 0.062692
0 0.330237 0.807722 0.027140 0.067633
0 0.307515 0.806746 0.025286 0.065680
0 0.284931 0.810680 0.027574 0.068284
0 0.263688 0.812929 0.031519 0.069053
