0 0.064781 0.486174 0.009293 0.020884
0 0.475530 0.772121 0.095875 0.230404
0 0.907997 0.849735 0.126364 0.297399
0 0.229360 0.710025 0.076229 0.184646
0 0.060497 0.673270 0.067525 0.150328
0 0.010093 0.663371 0.020185 0.078611
0 0.993215 0.500745 0.013569 0.055682
0 0.807980 0.503712 0.021886 0.051566
0 0.696414 0.504646 0.024916 0.048788
0 0.594402 0.503965 0.022778 0.044697
0 0.500311 0.504924 0.023687 0.045707
0 0.449099 0.505341 0.019141 0.041944
0 0.377045 0.504874 0.017929 0.042879
0 0.307668 0.507866 0.021734 0.042753
0 0.241692 0.505013 0.020690 0.038308
0 0.179731 0.503270 0.015825 0.034823
0 0.122837 0.501528 0.012677 0.030076
0 0.111860 0.500114 0.011397 0.028510
0 0.101406 0.496301 0.014158 0.026591
0 0.084301 0.491717 0.012037 0.025657
0 0.073224 0.488396 0.009276 0.020278
0 0.056338 0.484912 0.006751 0.017096
0 0.050791 0.483207 0.005724 0.016414
