0 0.554773 0.826109 0.030690 0.098136
0 0.541262 0.835547 0.021499 0.070030
0 0.533925 0.836701 0.012229 0.060385
0 0.128767 0.748624 0.228107 0.427722
0 0.525000 0.842249 0.014734 0.044675
0 0.852998 0.744349 0.235621 0.436272
0 0.305464 0.797086 0.102840 0.233817
0 0.406972 0.830976 0.025503 0.094793
0 0.669497 0.794246 0.116154 0.228136
0 0.605661 0.808254 0.057751 0.155385
0 0.391992 0.818698 0.036055 0.124320
0 0.361805 0.805488 0.066923 0.158136
0 0.576331 0.820621 0.048600 0.122367
0 0.418107 0.833358 0.021262 0.083639
0 0.431105 0.835340 0.019684 0.071686
