0 0.316893 0.828166 0.030631 0.137515
0 0.769359 0.792101 0.213866 0.415799
0 0.616489 0.807470 0.171085 0.323402
0 0.984083 0.742204 0.031834 0.515592
0 0.523807 0.811154 0.128323 0.268521
0 0.455690 0.817071 0.102978 0.223373
0 0.407367 0.820651 0.072840 0.197219
0 0.367771 0.828964 0.057041 0.175858
0 0.341124 0.826731 0.039487 0.149911
0 0.299112 0.830562 0.026746 0.130828
0 0.279852 0.832219 0.023215 0.116686
0 0.267673 0.833166 0.021499 0.107101
0 0.255385 0.833343 0.016884 0.102899
0 0.244270 0.833136 0.018166 0.094024
0 0.236834 0.833328 0.016627 0.089024
0 0.226479 0.833935 0.012288 0.081775
