0 0.237041 0.502441 0.076016 0.199852
0 0.558363 0.500044 0.078067 0.198018
0 0.273905 0.516538 0.063905 0.161716
0 0.292051 0.526450 0.045207 0.132012
0 0.310602 0.530207 0.025542 0.110769
0 0.326529 0.533536 0.029389 0.102160
0 0.529625 0.511598 0.054753 0.159467
0 0.509260 0.522574 0.049645 0.131775
0 0.495572 0.527352 0.033748 0.112692
0 0.479655 0.531169 0.029921 0.101213
0 0.171588 0.470266 0.129921 0.277396
0 0.605089 0.478506 0.114398 0.254290
0 0.704103 0.435607 0.184813 0.373107
0 0.896607 0.353935 0.206785 0.704793
0 0.080878 0.444675 0.161755 0.391243
