0 0.938792 0.431372 0.120020 0.407876
0 0.899234 0.429381 0.151670 0.451504
0 0.065727 0.520457 0.122652 0.356431
0 0.146179 0.487788 0.167485 0.354454
0 0.270147 0.535310 0.098919 0.350501
0 0.369047 0.420398 0.164853 0.449646
0 0.804931 0.395708 0.168802 0.479204
0 0.521385 0.374926 0.171454 0.449499
0 0.699420 0.317493 0.211022 0.501003
0 0.043310 0.542286 0.080452 0.297139
0 0.194971 0.532345 0.059332 0.265339
0 0.640737 0.385811 0.077819 0.308909
0 0.496316 0.433333 0.089686 0.304956
0 0.220688 0.574926 0.044833 0.203953
0 0.606454 0.421460 0.061984 0.194071
0 0.330815 0.541254 0.043517 0.160383
