0 0.025353 0.146958 0.048941 0.145786
0 0.469392 0.118145 0.036863 0.145608
0 0.508029 0.227329 0.081235 0.218279
0 0.872422 0.146855 0.074137 0.158398
0 0.754265 0.146217 0.077745 0.168279
0 0.640363 0.146202 0.070176 0.174837
0 0.692725 0.736899 0.207294 0.509822
0 0.644676 0.559614 0.180333 0.423205
0 0.570716 0.364347 0.118765 0.320267
0 0.537255 0.310430 0.095020 0.284303
0 0.522127 0.265504 0.088529 0.246736
0 0.489814 0.198961 0.070804 0.200950
0 0.460657 0.180045 0.059353 0.188338
0 0.430451 0.156009 0.052078 0.171780
0 0.413020 0.141424 0.051529 0.164688
0 0.382814 0.123709 0.053627 0.160772
0 0.332559 0.118591 0.060412 0.156825
0 0.279196 0.118190 0.059882 0.157626
0 0.224784 0.119763 0.056235 0.157626
0 0.172971 0.120950 0.058843 0.158398
0 0.121941 0.124926 0.064039 0.161424
0 0.067010 0.128828 0.076020 0.161513
